Tiempo,Dilatacion,Temperatura,Densidad,Volumen,Presion,salinidad,F7,F8,Respuesta
1,0,18.939856026513336,24.995177420567586,78.39415956050027,-0.32256670533476334,11.26551420331841,10.491437223896533,7.680646225321036,1
2,4,37.819936818394574,28.59909593971862,22.625468426440772,-0.3270422922236565,10.217276323113587,9.89017173858678,3.055807890601039,0
3,2,69.21536051588308,34.269344821756576,38.54913153771038,-1.7245579039733432,10.56627306794486,9.61462169230965,2.097044473875936,1
4,7,33.6212488133372,40.90167546508625,98.84076949584995,-2.566633745381176,9.857426887000381,8.665109225914046,8.660069819626493,0
5,6,22.066293871920784,23.538953889961384,97.17176601266587,0.7596436035903162,10.786669272327664,8.610553523646704,12.806952164160252,1
6,5,84.91351330093873,15.576939283307496,49.52016582787789,-0.023383611886694654,9.712083509327618,9.835166713636234,9.423412734088137,1
7,1,90.81866157884315,33.68839012646955,65.535133601616,-0.948537371382683,8.743730344740715,10.49859789917598,6.21182516965856,0
8,3,42.707732015194736,43.83438908798346,56.63637514092492,-0.7320785736504025,8.146813746859394,10.084949922462151,6.499116736778863,0
9,8,95.3883106287173,30.98371284868708,33.5961333879728,0.2310579477255787,10.138954114696784,9.816249097860862,11.222442508735647,1
10,2,37.261807339601646,28.691614821425123,91.51856300773375,-0.2614138372380228,11.073250449360915,8.821435149632975,5.412980308479521,0
11,7,47.48898051511182,32.287748245229864,35.5775728084252,-0.595153190129086,8.662927463485946,9.43266567404298,6.826102138193512,1
12,4,62.58525772428117,15.627994710232942,66.94905969520244,0.15550762177942135,8.49170549693454,9.314626519778573,-0.005460040348616246,0
13,7,88.90669586239613,12.130922493987732,18.26734823461026,-1.4276771332753841,9.710033108904943,11.324496509346805,5.138899223566467,0
14,2,5.084060320369499,29.432883366818317,65.49634717089936,-0.033713954810972266,9.625143507008628,11.23879305055081,8.257765858637722,1
15,5,44.399668808639625,32.18883661071051,14.505577253416144,-0.014821701283495801,9.110501200469457,10.635949542222043,7.716746694129018,1
16,4,95.46957529651216,10.66234528779023,44.097164076016746,-0.19443715761694066,9.459915472130461,8.988242659896219,13.281470307816484,1
17,9,80.59826822574794,13.1679851720892,92.57125364739812,0.6247179416061225,10.311165515057233,11.006222785566205,22.240851368910768,0
18,2,74.12483600757919,31.72737117643379,91.90022501026527,0.14001004348357884,10.364071829953343,9.261128305807118,10.132730281390954,1
19,2,7.720274739996413,10.460097618865628,39.29968654583461,-0.8521228695105295,13.97317646484637,10.191455752598992,14.729159034319327,0
20,4,15.022305442389438,31.466981966413332,18.817775736876253,-0.4243610940804312,10.659315607361481,9.432013788118779,5.295646361720768,1
21,3,61.85787728424703,16.981641407753024,32.754394447807094,-0.1559118731149329,9.060891405448828,11.505066940073394,8.026110719045002,1
22,9,65.35727227818487,37.171031975008134,50.063571440832256,-0.23834497102124272,9.131799716783036,9.728053022490837,8.682417989517266,0
23,6,34.55200056137922,44.87735169297923,78.98440028205871,0.3594899429864282,11.810111442078584,11.344248526203515,10.83231750078438,0
24,3,44.03835241195427,36.58319750904356,72.40566688919048,-0.8341910584087603,10.756896963167051,10.267114567005212,3.266859544612137,1
25,6,37.660212988626384,39.99150732747849,79.16217659527132,-1.8313717890070143,10.593436403638666,10.545469492126713,8.576796947114707,1
26,7,11.677026613634467,40.254053900350684,61.66634563648738,-0.721346634765098,10.150067809938333,8.864122703718511,2.48236473473555,0
27,1,99.19480841025356,49.50445128142509,79.6066173961166,-0.36878098124058045,9.664558640628687,8.4185298160714,9.726040044613052,0
28,6,66.55018785059768,19.853099446628843,87.49319043645771,-0.9676614694742928,10.553555733998436,8.747133313114993,14.728444506290584,1
29,7,10.437517728005673,39.0332503061682,29.505658905692492,-1.128645057300739,9.751512137425525,8.484346092385286,18.985857510254178,1
30,9,92.52625680373595,36.99518556781392,24.232807020288757,0.10224767519385652,8.465133506321038,8.849378554237713,13.402281556808928,1
31,3,41.03106021334053,25.009516698363452,80.9021892867517,1.2548757192988202,10.298808791583438,8.985078323525734,9.846528860150453,0
32,8,38.55238369204387,12.34736187056031,50.17822454053886,0.7064916476130875,9.248286543938237,9.926786288950888,11.953389643077335,0
33,10,90.9050547916303,24.533274465897534,80.09475413199716,0.053162867066012566,12.063860339062387,10.60552300992283,8.056940508364082,1
34,2,45.135963414600745,22.476578508733517,79.57782888165211,-1.206534216916163,10.057683982063788,9.892969273920556,15.144639145590435,1
35,6,40.549445628012016,47.85602014612698,16.54146901580565,-1.4709484417956178,9.106724150550098,10.471998735478685,9.919959021617423,1
36,9,12.872930791687354,44.96256654750427,22.49396785063053,-0.6491533164399004,9.82630749748128,8.440943161830376,7.525042037230763,1
37,3,19.730793268869796,26.82589840833373,48.01085259256569,-0.37045260466443963,9.675427888682986,10.306037247139312,8.410921161606064,1
38,10,32.20772720971511,45.97749609471675,74.9157512496061,-1.1620398651897401,10.468471264137218,11.663067767498761,17.021016145020447,0
39,6,18.872612171112014,17.811652812603302,26.892538009625962,0.07068350672100004,9.5939457224738,10.219158332605188,9.918694577823704,1
40,3,75.83194633201946,21.990651214952052,99.24726694733641,0.5435547105152929,9.472748000539303,9.078752475952905,7.470532038192864,1
41,9,61.79362174056898,28.08319982560924,69.45505350313027,-0.23709034083066,10.191567459993596,9.904044441637252,3.228107575852249,0
42,6,96.57343799177427,39.49835795777455,38.51929309527795,2.163551605576567,11.485316626689515,10.387359400512857,10.722550605555803,1
43,8,69.50982834658492,22.006669640348456,42.08977114654544,1.9806559236827954,9.217040026679635,9.789389761544678,9.412095787614316,0
44,6,76.25539927323919,34.106902249376446,75.15062668402217,-1.9127699886806617,10.498304974281998,9.849991883832447,9.783005703293519,1
45,8,68.63096045553986,41.396055309587446,61.319098560318835,-0.6884055927895292,10.494297939680916,10.066770195923826,7.202254951082798,0
46,0,6.524997491818285,30.959487191041305,56.955404870486255,1.4664345645133046,9.176432309737443,9.976282682386818,8.344878434790107,0
47,5,21.235662789813702,19.623592966585047,58.30940757200686,2.453993715596787,9.915306708381458,9.760689665368254,11.524633451225364,0
48,3,61.7190727135307,38.38555921271674,35.88549426768102,1.215493754694493,11.21089207654362,9.178455500991296,6.15434045331874,0
49,8,6.9640463372309895,32.54040338387337,67.86367036516994,-1.350078436540545,11.855881280533985,9.128321152395873,9.610352773827458,1
50,0,44.438946302724034,39.42482200143989,43.32785624059626,0.7246578977971428,9.879196099616815,10.74739148889469,11.13165080007423,1
51,8,5.849193364217764,10.882060107996207,43.156820268903864,1.135749194547574,10.768678101768282,9.684018690797242,12.917951599944173,1
52,8,72.94214973440575,20.919634129737528,14.000444755616941,0.04787377830167606,10.168133194577488,8.447147793486307,23.13216345066249,0
53,6,24.284917313217903,18.838448252519026,82.43403589680095,-0.2049349274453387,9.384665421002154,10.59448288499515,6.976973941642973,0
54,4,52.56859206847635,27.355537175039526,96.96988532811609,-0.20563086747096218,9.751384910082399,9.778398357379706,5.227595656518335,0
55,10,65.5136917685597,35.31767770659947,17.20632201957263,-0.320347675339844,10.653250926685796,9.863714084489235,6.658821882016735,0
56,2,20.646004230589853,28.206809448280666,98.84150116001081,0.30631096233394844,9.392495490467637,7.748503766456328,11.272605994691478,1
57,8,48.591022542491814,25.099019863040134,45.3685278071723,-1.357779753065242,8.341685628414892,8.799584274225387,14.773833448295733,1
58,9,25.44924782861262,23.860233910162947,11.663150345747475,-0.3729283456511105,9.579918163372408,8.19104858540056,6.354693902325566,0
59,6,34.478173581364636,34.132255327171436,40.74780395205522,0.4317604846470261,9.792216931333368,10.639745098980146,6.615191618008908,0
60,9,16.867221460480174,25.457591114106478,98.56904408969115,0.8356190654078237,8.248585924040913,10.57522438095961,8.123623337242764,0
61,2,12.382104290209096,19.590459758505034,14.689760183536842,-0.6192907028025335,9.711954094807814,9.666561851282246,8.570816725592984,1
62,0,81.88221012490989,26.171569483551767,61.26772519389107,-1.074589654675741,9.97759195629763,9.446110698978204,8.52050839158282,0
63,10,26.803350513422973,18.56828561887699,56.81375626506612,0.47939104534814725,9.266390034404616,9.844960448697224,10.862798849691774,1
64,9,26.780756384194117,10.393861545666411,46.79850048933794,-0.7028562563763715,11.206656651526727,8.679111389357427,4.827723997778975,1
65,3,3.25578516974413,24.554336378398727,93.87074919953417,1.7106343369434462,9.416797622042957,10.53602935536042,19.89910194918202,0
66,8,55.74153942110007,25.50754769965975,98.68012105029658,-0.9147137518047821,10.142113472759902,10.026989620433016,9.443883227376729,1
67,2,28.127847976921984,18.308776265392655,65.46911104022823,1.5308604177051561,11.812062874824338,9.314855025141558,10.796538096136729,1
68,10,63.24490396893043,32.26690368094151,44.79118017267039,1.4982419401776799,11.363748265495646,10.572289503918187,4.642975094604202,0
69,7,16.229846947177407,42.568990545685914,61.18393637489368,0.051550914188574465,10.699865778030617,9.995074253339896,14.78739562844452,0
70,3,36.407834812533245,48.853454472032254,39.362949419297905,-0.004629130098002976,11.53164178702134,9.805932374487439,1.9288552155662977,0
71,7,15.491786753616443,22.52573123462586,45.94570308182941,0.5467986289090415,11.06252349658141,10.794915875733693,4.478302229895581,1
72,8,96.79207460614444,21.22879134458811,21.690237135817895,0.747836219002833,10.309654266227676,8.294588420686207,8.455210196905625,0
73,3,94.30297238637927,47.255617848012534,43.59787155132091,2.6487746239971472,10.903306506819606,11.330650387748584,7.961917547561311,1
74,3,44.49215627586379,21.51114949775939,86.85249560669132,1.5144202119181365,8.906464713449509,11.573661941206316,6.632026421916744,0
75,0,44.68752069557343,40.20907697394011,33.29287916679526,-1.0957326663297293,12.6811773835641,7.74025078420919,13.747713708019461,0
76,7,19.582316169653513,26.315831924385616,10.743421682103078,-0.010392458538302155,10.073761822277278,7.847878547801711,9.09119330896639,1
77,0,88.1010291577092,25.075304147930876,93.3557151149673,-1.6736110974692513,10.545592143050582,9.738911802547833,5.832690726731109,0
78,2,17.84704857765822,22.401580295993092,92.94161505629404,1.1928164883860353,8.098244292154192,11.217468275290717,5.600829812147346,1
79,2,46.50436092239666,35.90501813774362,50.98789807813706,0.3370920183497212,10.177058798709377,10.488577603208299,9.111777557265878,1
80,0,41.41174090412044,15.043435269951146,43.679109413114745,-1.3359867699140828,8.481939385293717,9.454360814469178,8.849230228502668,1
81,1,63.56594778545674,33.7893241828186,87.88195543694768,0.5384628525312245,11.024250908284692,10.511093124259443,17.172824280785804,1
82,1,68.94410466941946,15.519645380638863,77.99877766849448,0.5746774453982265,8.392895048896877,9.99607292327277,5.119358668415365,1
83,9,73.77930471823045,19.083696619891445,40.550061029344334,0.026634241663776866,8.978237552652095,8.761158855074457,15.619970039238781,0
84,4,86.1031194301768,21.62196596783925,84.76874545067199,1.4307057489547417,10.990911410523816,10.572873231076564,8.041305914594153,1
85,3,35.339056122155235,15.397220907189372,52.64555786038296,0.34397462630170933,11.280314791249832,9.60778983525532,4.0363539537683195,1
86,10,73.74650414523666,34.821140161113505,80.30819618569832,1.172495612577954,10.193192311495467,8.720487620157957,8.875016144521599,0
87,3,10.350648764929682,46.23154581000707,82.73217931776064,-0.9729482242240639,9.638165420653962,11.556142260343707,18.791699734473713,0
88,7,90.53967795611094,32.34008374773658,78.56177055505582,-0.1675067971804932,10.072950095234653,8.488649179915637,13.435847143085851,0
89,10,75.50061613204075,47.46211180668753,62.46490442651431,1.0143980537436594,10.525115508832192,9.336013573082814,10.385282962389992,0
90,3,3.1132020088463386,23.45368096103339,86.65324633636273,1.750766482446892,9.695606007484503,10.59166362048106,9.426842942450216,1
91,8,86.82413794136185,27.73104322745542,28.21725128924557,-0.8576539577311169,10.391534169924038,9.517399364095033,5.512335052131639,1
92,6,48.38805257387202,34.489038161548685,58.03137663950505,1.260016694985341,11.961343536471071,10.788367708107332,17.54809682949313,1
93,4,18.395639485169156,39.59799807692488,72.42255327441052,-0.9435908042949696,9.694836882414002,10.004667870871605,13.328908752266331,1
94,6,39.7012015963927,48.12109550270638,66.24354348251273,0.4107496222877284,10.661902996977744,7.299112981656113,13.82002354402244,1
95,6,2.523608737877492,34.01562190994319,67.93349741946972,-1.4124931033267845,8.996803059247686,10.01993350723833,3.3112023692395542,0
96,7,67.68801454517438,31.906245340477287,49.8179815138605,-1.136930787026895,11.308901898391365,9.113754066558263,6.92687349084678,1
97,7,11.625594768947566,11.828865693548455,83.16073059377383,0.14402017937626435,9.575160230106047,10.67427899739436,5.578805425076931,0
98,7,48.4297025398845,12.921089035892322,91.58411219412476,0.8275443323076539,10.386311462130813,11.341712259180834,4.535165145728258,0
99,9,25.721079585404272,47.45001378605765,19.512647156818808,0.5459882930933985,10.02620264195775,10.680554067586167,8.462948554336322,1
100,8,58.925262754458906,45.6538288864277,92.63080910810979,0.3407846210293765,10.797111793819269,10.336842659724384,8.998077830889297,0
